100

 

Num.

 

829
ι 8292
8292

 

839
8392

 

 

8393

853
8532
853ὅ

   

857
8575
8575

ἶέᾇἿ

8592
859³

 

863
8632
863⁸

 

877 1
87721
877³

881

22. 3. 52. 11. 13. 37. 397.

 

8812
8812λ

L. EULERI OPERA POSTHUMA. Ἴ

Arithmetica.
Summa divisorum. Num. 'Summa divisorum. Num— .
2. 5. 83. 883 2³. 13. 17. 9ἶ17 22. 3. 79. -
3. 211. 1087. 883223. 260191.. 97172 7. 277. 1163. -
22. 5. 172. 29. [11. 83. 883³ 22. 5. 13. 17. 77969. 9ῖ173 22.·3. 5. 79. 89681.

 

25. 3. 5. 7. .
705761. ,8875 13. 60589. Α
25. 3. 5. 7. 109. 3229 8875 25. 3. 5. 29. 37. 2713.
2. 7. 61. 9οἶ 25. 227.

3. 53. 5657. 9075 3. 7. 39217.

25. 5. 7. 13. 29. 61.193. 9075 25. 55. 227. 16553.

2. 3. 11. 13. 911 25. 3. 19.

735307. 9115 830833.

9112 25. 3. 19. 29. 111. 3119.

 

25. 5. 53. 919 25. 5. 23.

3. 256257. 9195 3. 7. 13. 19. 163.

25. 5. 53. 137. 2693. 9195 25. 5. 23. 37. 101. 113.
2⁵. 35. · 929 2. 3. 5. 31.

72. 15217. 9295 157. 5503.

25. 35. 5. 13. 17. 337. 929³ 25. 3. 5. 31. 531521.
2. 539. 937 2. 7. 67. ’

3. 7. 37. 991. 9375 3. 292969.

22. 5. [139. 76913. 9372ς 22. 5. 7. 67.· 87797.

 

2. 3². 72.
19. 110897.
22. 32. 72. 388081.

9111 2. 3. 157.
9ῐ112 811. 1093.
951⁸ 22. 3. 13. 157. 311057.

 

983
9832

991
9912

 

997
9972
9975 22. 5. 499. 991101.

9535 181. 5023. 4 . .
2². 35. 5. 53. 90821.-

967 25 115
9675 3. 67. 5657.
25. 5. 115. 13. 7193. s

22. 32.
13. 79. 919.
22. 3⁵. 197. 2393.

2. ’3. 163.
7. 136501.
22. 3. 5. 53. 163. 1801.

22. 3. [11.
103. 9391. .

9835 25. 3., 5. 13. 51..7533. 2

25. 31. ⁵
3. 7. 135. 277.

9912 26. 31. 1191041. .

2. 1199.
3. 13. 31. 823.

»nrm

, “ ¹ - t
ν ,.. .. ἰ , · ⁵-.
‘'mss-mmmm eoum.
.

