96

Ν11111. Summa divisorum

41
412
413
43
432
433

117 2². 3.
1172 37. 61. ”
1172 22. 3. 5. 13. 17.

53 2.ῖ3ἧ
53² 7. 409.
53⁸ 2². 3⁸. 5. 281.

 

59 22. 3. 5-
592 3511.
592 Ἴ22.,3. 5.,17111.

61 2. 31.
612 3. 13. 97.
612 22. 31. 1861.

67 2217.. .
’ 672 3. 72231. ,
672 22. 5. 17. 1119.

 

71 2⁸. 32.
712 5113. . .
, 712 22. 3². 2521.

73 2. 37. .
732 3. 1801. . .
733 22. 5. ’13. 37. 41.

 

79 2⁴. 5.
792 3. 72. 43.
793 2⁵. 5. 3121.

83 22. 3. 7.
832 19. 367.

833 23. 3.. 5. 7. 13. 53.

 

Num.

89 2. 32. 5.
892 8011.

893 22. 32. 5. 17. 233.

 

97 2. 72.
972 3. 3169.
97ὅ 22. 5, 72. 95'1.

’101 2.ε1 17.

1012 10303.
1013 22. 3. 17. 5101.

103 23.13.
1032 3. 3571.
1033 2⁴. 5. 13. 1061.

107 22. 33.
1072 7. 13. 127.
1073 23. 33. 52. 229.’

 

109 2. 5. 11.
1092Χ 3. 7. 571.

109³ 2². 5.11. 13. 1157.

113 2. 3. 19.·
1132 13. 991..

1133 22. 3. 5. 19. 1277.

127 2⁷.
1272 3. 5419.
1273 2⁸. 5. 1613.

131 2². 3. 11. ἰ ἢ
1312 17293. . ι ,
131⁸ 22. 3. 11. 8581.

 

137 2. 3. 23.
1372 7. 37. 73.

137³ 2². 3. 5. 23. 1877.

139 22. 5. 7.
1392 3. 13. 499.

139⁸ 2³. 5.·.7. 9661. .,

Summa divisorum.

L. EULERI OPERA PosTflUMA.

Num.

149
1492

’ 1493

- 151

1512
1513

157
1572
1573

163
1632
1633

 

167
1672
1673

 

173
1732
173ὅ

179
1792
1793

181
1812
1813

 

191
1912

’ 1913

193
1932
1933

 

197
1972
’1973

 

Am'thmetica.

, Summa divisorum.

2. 3. 52.

22. 3. 5². 11.,101.

22. 19.
3. 7. 1093.
22. 13. 19. 677.

2. 79.
3. 3269. ,
22. 52. 17.’ 29. 79.

22. 41.
3. 7. 19. 67.
23. 5. ’41. 2657.Μ

2³. 3. 7. 1
28057.
2⁴. 3. 5. 7. 2789.

 

2. 3. 29.
67. 449.

22. 3. 5. 29. 111. 73. '4 3

22. 32. 5.
7. 1603. ’ ἶ 2 .
22. 32. 5.’37. 133. . fl .

ff

1

2. 7. 13. Ι
3. 79139. ·· »χ
22. 7. 13. 16361..
ἕ

2⁶. 3. ’

7. 132. 31. ,
2⁷. 3. 1729. 37. „ ζ

2. 97.
3. 7. 1733. . 2
22. 5³. 97.,119. . ·

2. 32. 11.
19. 2053. , z.
2². 32. 5. 11. 3881. „ 3

7.31. 103. , ἒ “
-

“nu-³....- a-A...=-.4<‚..ffl—— ..³ ἢ 4,..--

