De numeris amicabilibus. 99

, ,Μ- Num. Summa divisorum. m Summa divisorum.

3 613 2. 307. . 677 2. 3. 113. 757 2. 379. ·
16132 3. 125161. 6772 159007. 7572 3. 13. 15713.
613ὅ 22. 5. 53. 307. 709.· 677³ 22. 3. 5. 113. 15833. 22. 52. 73. 157. 379.

’ 683 22. 32. 19. ”
6832 7. 66739.
’6832 2³. 32. 5. 19. 46649.

  
   
   
  

 
 
        
   
   

 

617 2. 3. 103.
6172 97. 3931.

617³ 22. 3. 5. 103. 38069.

761 2. 3. 127.
7612 579883.
22. 3. 17. 127. 17033.

Ἴ 691 22. 173.
6912 3. ’19. 8389.
6912 22. 173. 193. 1237.

769 2. 5. 7. 11.
7692 3. 31. 6367.
7692 22. 5. 7. 11. 71. 17393.

701' 2. 3³. 13. 773 2. 32. 13.
3. 307. 433. 7012 192103. 598303.

2⁴. 79. 199081. ’ 701³ 22. 3³. 13. 17. 97. 1119. - > 22. 32. 5. 113. 59753.

*6ιῖ 2. 3. 107. ἢ 2. 5. 71. ψ
61112 7. 58789. 7092 3. 7. 23971. -
22. 3. 107. 205441. 709⁸ 22. 5. 37. 71. 6793.

643 22, 7. 23. Ἶ 2⁴. 32. 5.
643² 3. 97. 11123. 7192 1187. 1063.
2³. 52. 7. 23. 8269. 719⁸ 22. 32. 5. 53. 11877.

22. 197.
2 3. 372. 151.
2⁸. 5. 197. 2111. 257.

2. 3. 7. 19
2 157. 11051.
³ 22. 3. 5. 7. 19. 63521.

   

 

617 22. 32. 727 22. 7. 13. 2. 32. 5.
6172 211. 1987. 7272 3. 176519. 2 7. 13. 19. 379.
61172 22. 32. 5. 41. 1021. 7272 22. 5. 7. 13. 17. 3109. 22. 3⁴. 5.·229. 1129.
653 2. 3. 109. 733 2. 367. 2. 7. 29. ψ
6532 7. 132. 192. . 7332 3. 19. 9539. 2 3. 31. 73. 97.

2

6532 22. 3. 5. 109. 1126111. 733ὃ 22. 5. 13. 367. 11133. ³ ⁸. 7. 13. 29. 41. 617.

659 22. 3. 5. 11. 739 22. 5. 37. 821

 

 

2. 3. 137.
6592 13. 33557. ’ ’ 7392 3. 7. 26051. 8212 7. 229. 112¹.
653³ 22. 3. 5. 11. 17. 53. 241. 7392 22. 5. 37. 273061. 821³ 22. 3. 137. 337021.
661 22. 331. · 753 22. 3. 31. 823 2⁸, 103.
6612 3. 155861. 7132 552793. 8232 3. 7. 13. 751.
6612 22. 331. 218161. 71132 22. 3. 52. 31. 61. 181. 823ὅ 22. 5. 103. 67733.
673 22. 337. 751 22. 17. 827 22. 3³. 23.
6732 3. 151201. 7512 3. 7. 26893. 8272 681757. -
6732 22. 5. 337. 15293. 75¹⁸ 22. 117. 282001. 8272 22. 32. 5. 13. 23. 5261.

 

{⁸

