³ , 2513 23. 33. 7. 173. 109.

De numeris amicabilibus.

Summa divisorum. Num. Summa divisorum.

199 23. 5². .
1993 2⁴. 5². 19801. .

Νιιῐιι.

269 2. 33. 5.
2692 13. 37. 151.
2693 22.. 33. 5. 97. 373.

271 23.17.
2713 33211571.
2713 23. 1736721.

        

 

. 139.
3. 7. 19. 193.
22. 5. 139. 7673. v

  

229² 3. 97. 131. . .
2293 23. 5. 13. 23. 2⁰¹⁷,-

 

233 2. 32. 13.
2332 7. 7789.
2333 22. 32. 5. 13. 61. 89.

,239 23. 3. 5.,
2393 19. 3019.
2393 23. 3. 5. 133.

 

2111 2. 112. .
121112 3. 1911111.
21113 22. 112. 113. 257.

311 23. 3. 13.
3112 19. 5107.
’ 3113 2⁴. 3. 13. 137. 353.

 

251 23. 33. 7.
12513 13. 1171.

313 2. 157.
3132 3. 1812.
3133 22. 5. 97. 101. 157.

257 2. 3. 113.
2572 61. 1087.
2573 2². 3. 52. 113. 1321.

317 2. 3. 53.
3172 7. 1111101.
3173 22. 3. 5. 13. 53. 773. -

263 23. 3. 11.

331 22. 83.
2632 72. 13. 109. 3312 3. 7. 5233.
2633 2⁴. 3. 5. 11. 6917. -3313 23. 29. 83. 1889.

Ia. Boleti Oppoethmm. Τ. 1.

97

Num. ¹ Summa divisorum.

337 2. 132.
3372 3. 113. 883.
3373 22. 5. 132. 111. 277.

   
   
   
     

3117 22. 3. 29.
31172 7. 13. 1327.

3533 19. 6577.
35313 23. 3. 5. 17. 59. 733.

359 2³. 3². 5.
359² 7. 37. 1199. “
2⁴. 32. 5. 13. 11957.

367 2⁴. 23.
367² 3. 13. 31163.

. 3673 23. 5. 23. 131169.

373 2. 11. 17.
3732 3. 72. 13. 73.
3733 22. 5. 11. 17. 13913.

 

379 22. 5. 19.
3792 3. 61. 787.
3793 23. 5. 19. 71821.

 

383 2⁷. 3.
3832 1117073.
3833 23. 3. 5. 111669.

339 2. 3. 5. 13.
3393 7. 21673. ¹
389³ 23. 3. 5. 13. 29. 2669.

 

’ 397 2.199.

3972 3. 31. 1699.

3973, 23. 5. 199. 15761.
13

