98 L. EULERI OPERA POSTHUMA. Arithnoetaba.

   
    
  

     
 

Num. Summa divisorum. Num. Summa divisorum. Num. Summa divisorum.
401 2. 3. 67. 547 22. 137.
4012 7. 23029. 4632 3. 19. 3769. 5472 3. 163. 613.

463ὅ 2⁵. 5. 13. 17. 29. 97. 5475 2³. 5. 137. 29921.

557 9. 32. 31. ’ , Ξ
5672 19. 11503. 72. 6353.
5672 92. 32. 5. 13. 113. 183. 557³ 92. 32. 52. 17. 31. 73. ²

563 22. 3. 47.
5632 31. 10243. , 3
563³ 2³. 3. 5. 29. 47. 1093. ’

22. 3. 37. 41. 53. 67.

   
       
     
     
  

     
      

4092 3. 55897.
22. 5. 41. 83641.

22. 3. 5. 7.
13. 13537.
2³. 3. 5. 7. 41. 2141.

4792 43. 5347.
2⁶. 3. 5. 89. 1289.

4192
419ὅ

  

   

569 2. 3. 5..19.

    
 

. 211. 487 2⁸. 61.
4212 . 59221. 4872 3. 7. 11317. 5692 72. 6619.,
‚ 421ὅ 2. 13. 17. 211. 401. 2⁴. 5. 37. 61. 641. 569⁸ 22.·3. 5. ,19. 161881.

⁴. 3³.
² . 67. 397.
⁵. 3³. 293. 317.

4912 37. 6529.
2⁸. 3. 41. 149. 809.

 

92. 11. 13. .
5712 3. 7. 103. 151. ¹
571³ 3³. 11. 13. 163051. s

2 .

   

. . 577 917
5332 . 37. 1693. 5992 3. 7. 1092. 5772 3. 19. 5851. , ξ
Q 2. 5. 7. 31. 18759. 5992 92. 52. 13. 61. 157. 92. 5.. 13². 17²..187-. ε...

⁶. 5. 11. ’ ³. ². . 587 92. 3. 7²..
13. 19501. 5872 557. 631.
92. 32. 5. 7. 95301.

’539,
5392
5392

443 22. 3. 37. 509

  
        
   
   
  

2

3

2

2

7

2

433 2. 7. 31.

3

2

2

3. 312. 67. 5032
2⁴. 5. 11. 173. 557. 503³

2. 3. 5. 17. 2. 3³. 11.

 

 

 

 

 

5532, 7. 98099. 5092 53. 6037.ι 2 163. 9161.
5532· 92. 3. 5⁴. 37. 157. 509³ 92. 3. 5. 17. 981. 561. ³ 92. 32. 52. 11. 13. 55ιις ,
559 9. 32. 52. ¹ 92. 3. 52. , .
5592ῑ 97. 9083. „ 5912 312. 983. 2 7. 51353. . , ..ς 2
5592 92, 32. 52. 100801. 5912 92. 32. 99. 135791. 5993 92. 3. 52. 17. 61. ,1739 ¹
11—57 9. 999. ἶῖ 92. 131. μ601 9. 7. 53.. · , ’ ¹
5572 3. 7. 9967. 5932 3. 13. 7097. 6012 3. 13. 9977. . . 3
5572 92. 52. 999. 5177. 5932 2³. 5. 7. 131. 1609. 92. 7. 53. 313. 577. -- ·
561 2 9. 3. 7. 11. 551 9. 971. 607 92. 19. . ’
5612 373. 571. - 5512 3. 7. 13963. 6072 3. 13.. 9563. ῃ

 

561⁸} 2². 3. 7. 11106261. 5412 22.. 13. 271. 11257. 607222. 52. 19. 7369.

